[28415.423576] [Project1] 6186 1587829863.322522248 1587829864.340285909
[28417.588196] [Project1] 6187 1587829865.483046035 1587829866.504890139
[28419.640521] [Project1] 6188 1587829867.545095338 1587829868.557235239
[28421.623386] [Project1] 6189 1587829869.543074469 1587829870.540107330
[28423.640559] [Project1] 6190 1587829871.536557827 1587829872.557286169
[28425.654033] [Project1] 6191 1587829873.559842917 1587829874.570765566
[28427.703271] [Project1] 6192 1587829875.604586696 1587829876.620011167
[28429.742858] [Project1] 6193 1587829877.632086578 1587829878.659600286
[28431.762733] [Project1] 6194 1587829879.653577347 1587829880.679439367
[28433.743868] [Project1] 6195 1587829881.638380393 1587829882.660626846
